     1.7190000000E+006        1719000
         1    -9.9999000000E+004
         2    -9.9999000000E+004
         3    -9.9999000000E+004
         4    -9.9999000000E+004
         5    -9.9999000000E+004
         6    -9.9999000000E+004
         7    -9.9999000000E+004
         8    -9.9999000000E+004
         9    -9.9999000000E+004
        10    -9.9999000000E+004
        11    -1.2933415003E-001
        12    -9.9999000000E+004
        13    -9.9999000000E+004
        14    -9.9999000000E+004
        15    -9.9999000000E+004
        16    -9.9999000000E+004
        17    -9.9999000000E+004
        18    -9.9999000000E+004
        19    -9.9999000000E+004
        20    -9.9999000000E+004
        21    -9.9999000000E+004
        22    -9.9999000000E+004
        23    -9.9999000000E+004
        24    -9.9999000000E+004
        25    -9.9999000000E+004
        26    -1.5882329859E-002
        27    -1.8365908608E-001
        28    -3.4670717127E-002
        29    -9.9999000000E+004
        30    -9.9999000000E+004
        31     3.0520580831E-002
        32    -9.9999000000E+004
        33    -1.7796659148E-001
        34    -1.3848126346E-001
        35    -1.1385856023E-001
        36    -9.9999000000E+004
        37    -9.9999000000E+004
        38    -9.9999000000E+004
        39    -9.9999000000E+004
        40    -9.9999000000E+004
        41    -9.9999000000E+004
        42     5.8792230146E-001
        43     9.2115598691E-001
        44     8.9033266539E-001
        45    -9.9999000000E+004
        46    -9.9999000000E+004
        47    -9.9999000000E+004
        48    -9.9999000000E+004
        49    -9.9999000000E+004
        50    -1.1435223904E-001
        51    -1.1428976004E-001
        52    -9.9999000000E+004
        53    -9.9999000000E+004
        54    -9.9999000000E+004
        55    -9.9999000000E+004
        56    -9.9999000000E+004
        57    -9.9999000000E+004
        58    -9.9999000000E+004
        59    -9.9999000000E+004
        60    -9.9999000000E+004
        61    -9.9999000000E+004
        62    -9.9999000000E+004
        63    -9.9999000000E+004
        64    -9.9999000000E+004
        65    -9.9999000000E+004
        66    -9.9999000000E+004
        67    -2.9050993976E-001
        68    -9.9999000000E+004
        69    -9.9999000000E+004
        70    -9.9999000000E+004
        71    -9.9999000000E+004
        72    -9.9999000000E+004
        73    -9.9999000000E+004
        74    -9.9999000000E+004
        75    -9.9999000000E+004
        76    -9.9999000000E+004
        77    -9.9999000000E+004
        78    -9.9999000000E+004
        79    -9.9999000000E+004
        80    -9.9999000000E+004
        81    -9.9999000000E+004
        82    -9.9999000000E+004
        83    -9.9999000000E+004
        84     1.8896620021E-001
        85    -9.9999000000E+004
        86    -9.9999000000E+004
        87    -9.9999000000E+004
        88     1.1124714045E-001
        89    -1.3020895901E-001
        90    -1.5291353161E-001
        91    -9.9999000000E+004
        92    -9.9999000000E+004
        93    -9.9999000000E+004
        94    -1.7202570858E-001
        95    -9.9999000000E+004
        96    -9.9999000000E+004
        97    -9.9999000000E+004
        98    -9.9999000000E+004
        99    -9.9999000000E+004
       100    -9.9999000000E+004
       101    -9.9999000000E+004
       102    -9.9999000000E+004
       103    -9.9999000000E+004
       104    -9.9999000000E+004
       105    -9.9999000000E+004
       106    -9.9999000000E+004
       107    -9.9999000000E+004
       108    -9.9999000000E+004
       109    -9.9999000000E+004
       110    -9.9999000000E+004
       111    -9.9999000000E+004
       112    -9.9999000000E+004
       113    -9.9999000000E+004
       114    -9.9999000000E+004
       115    -9.9999000000E+004
       116    -9.9999000000E+004
       117    -9.9999000000E+004
       118    -9.9999000000E+004
       119    -9.9999000000E+004
       120    -9.9999000000E+004
       121    -9.9999000000E+004
       122    -9.9999000000E+004
       123    -9.9999000000E+004
       124    -9.9999000000E+004
       125    -9.9999000000E+004
       126    -9.9999000000E+004
       127    -9.9999000000E+004
       128    -9.9999000000E+004
       129    -9.9999000000E+004
       130    -9.9999000000E+004
       131    -9.9999000000E+004
       132    -9.9999000000E+004
       133    -9.9999000000E+004
       134    -9.9999000000E+004
       135    -9.9999000000E+004
       136    -9.9999000000E+004
       137    -9.9999000000E+004
       138    -9.9999000000E+004
       139    -9.9999000000E+004
       140    -9.9999000000E+004
       141    -9.9999000000E+004
       142    -9.9999000000E+004
       143    -9.9999000000E+004
       144    -9.9999000000E+004
       145    -9.9999000000E+004
       146    -9.9999000000E+004
       147    -9.9999000000E+004
       148    -9.9999000000E+004
       149    -9.9999000000E+004
       150    -9.9999000000E+004
       151    -9.9999000000E+004
       152    -9.9999000000E+004
       153    -9.9999000000E+004
     1.6974000000E+006        1697400
         1    -9.9999000000E+004
         2    -9.9999000000E+004
         3    -9.9999000000E+004
         4    -9.9999000000E+004
         5    -9.9999000000E+004
         6    -9.9999000000E+004
         7    -9.9999000000E+004
         8    -9.9999000000E+004
         9    -9.9999000000E+004
        10    -9.9999000000E+004
        11    -2.3008198286E-001
        12    -9.9999000000E+004
        13    -9.9999000000E+004
        14    -9.9999000000E+004
        15    -9.9999000000E+004
        16    -9.9999000000E+004
        17    -9.9999000000E+004
        18    -9.9999000000E+004
        19    -9.9999000000E+004
        20    -9.9999000000E+004
        21    -9.9999000000E+004
        22    -9.9999000000E+004
        23    -9.9999000000E+004
        24    -9.9999000000E+004
        25    -9.9999000000E+004
        26     6.9756540017E-001
        27     3.5612548737E-001
        28     7.6581719162E-002
        29    -9.9999000000E+004
        30    -9.9999000000E+004
        31     1.1662077043E-001
        32    -9.9999000000E+004
        33    -1.0573976798E-001
        34    -5.6583604359E-002
        35     9.9395694460E-003
        36    -9.9999000000E+004
        37    -9.9999000000E+004
        38    -9.9999000000E+004
        39    -9.9999000000E+004
        40    -9.9999000000E+004
        41    -9.9999000000E+004
        42     5.2086086897E-001
        43     5.0773900170E-001
        44     5.4744544861E-001
        45    -9.9999000000E+004
        46     9.5808008365E-001
        47    -9.9999000000E+004
        48    -9.9999000000E+004
        49    -9.9999000000E+004
        50     2.0038275708E-002
        51     9.0909672185E-003
        52    -9.9999000000E+004
        53    -9.9999000000E+004
        54    -9.9999000000E+004
        55    -9.9999000000E+004
        56    -9.9999000000E+004
        57    -9.9999000000E+004
        58    -9.9999000000E+004
        59    -9.9999000000E+004
        60    -9.9999000000E+004
        61    -9.9999000000E+004
        62     1.0643172615E-001
        63    -9.9999000000E+004
        64    -9.9999000000E+004
        65    -9.9999000000E+004
        66    -9.9999000000E+004
        67    -5.5938043931E-002
        68    -9.9999000000E+004
        69    -9.9999000000E+004
        70    -9.9999000000E+004
        71    -9.9999000000E+004
        72     7.2780387903E-001
        73    -9.9999000000E+004
        74    -9.9999000000E+004
        75    -9.9999000000E+004
        76    -9.9999000000E+004
        77    -9.9999000000E+004
        78    -9.9999000000E+004
        79    -9.9999000000E+004
        80    -9.9999000000E+004
        81    -9.9999000000E+004
        82    -9.9999000000E+004
        83    -9.9999000000E+004
        84     2.9972368195E-001
        85    -9.9999000000E+004
        86    -9.9999000000E+004
        87    -9.9999000000E+004
        88    -9.0176345949E-002
        89    -2.3136332100E-001
        90    -3.5051300219E-001
        91    -9.9999000000E+004
        92    -9.9999000000E+004
        93    -9.9999000000E+004
        94    -9.9999000000E+004
        95    -9.9999000000E+004
        96    -9.9999000000E+004
        97    -9.9999000000E+004
        98    -9.9999000000E+004
        99    -9.9999000000E+004
       100    -9.9999000000E+004
       101    -9.9999000000E+004
       102    -9.9999000000E+004
       103    -9.9999000000E+004
       104    -9.9999000000E+004
       105    -9.9999000000E+004
       106    -9.9999000000E+004
       107    -9.9999000000E+004
       108    -9.9999000000E+004
       109    -9.9999000000E+004
       110    -9.9999000000E+004
       111    -9.9999000000E+004
       112    -9.9999000000E+004
       113    -9.9999000000E+004
       114    -9.9999000000E+004
       115    -9.9999000000E+004
       116    -9.9999000000E+004
       117    -9.9999000000E+004
       118    -9.9999000000E+004
       119    -9.9999000000E+004
       120    -9.9999000000E+004
       121    -9.9999000000E+004
       122    -9.9999000000E+004
       123    -9.9999000000E+004
       124    -9.9999000000E+004
       125    -9.9999000000E+004
       126    -9.9999000000E+004
       127    -9.9999000000E+004
       128    -9.9999000000E+004
       129    -9.9999000000E+004
       130    -9.9999000000E+004
       131    -9.9999000000E+004
       132    -9.9999000000E+004
       133    -9.9999000000E+004
       134    -9.9999000000E+004
       135    -9.9999000000E+004
       136    -9.9999000000E+004
       137    -9.9999000000E+004
       138    -9.9999000000E+004
       139    -9.9999000000E+004
       140    -9.9999000000E+004
       141    -9.9999000000E+004
       142    -9.9999000000E+004
       143    -9.9999000000E+004
       144    -9.9999000000E+004
       145    -9.9999000000E+004
       146    -9.9999000000E+004
       147    -9.9999000000E+004
       148    -9.9999000000E+004
       149    -9.9999000000E+004
       150    -9.9999000000E+004
       151    -9.9999000000E+004
       152    -9.9999000000E+004
       153    -9.9999000000E+004
     1.6974000000E+006        1697400
         1    -9.9999000000E+004
         2    -9.9999000000E+004
         3    -9.9999000000E+004
         4    -9.9999000000E+004
         5    -9.9999000000E+004
         6    -9.9999000000E+004
         7    -9.9999000000E+004
         8    -9.9999000000E+004
         9    -9.9999000000E+004
        10    -9.9999000000E+004
        11    -2.2945680214E-001
        12    -9.9999000000E+004
        13    -9.9999000000E+004
        14    -9.9999000000E+004
        15    -9.9999000000E+004
        16    -9.9999000000E+004
        17    -9.9999000000E+004
        18    -9.9999000000E+004
        19    -9.9999000000E+004
        20    -9.9999000000E+004
        21    -9.9999000000E+004
        22    -9.9999000000E+004
        23    -9.9999000000E+004
        24    -9.9999000000E+004
        25    -9.9999000000E+004
        26     7.1348212763E-001
        27     3.8519264524E-001
        28     1.0985148732E-001
        29    -9.9999000000E+004
        30    -9.9999000000E+004
        31     1.3916708408E-001
        32    -9.9999000000E+004
        33    -6.1294605406E-002
        34    -1.2252029185E-002
        35     5.8220505921E-002
        36    -9.9999000000E+004
        37    -9.9999000000E+004
        38    -9.9999000000E+004
        39    -9.9999000000E+004
        40    -9.9999000000E+004
        41    -9.9999000000E+004
        42     5.4322781392E-001
        43     5.2513197211E-001
        44     5.6864466395E-001
        45    -9.9999000000E+004
        46     1.0186661633E+000
        47    -9.9999000000E+004
        48    -9.9999000000E+004
        49    -9.9999000000E+004
        50     6.7597954664E-002
        51     5.7467137094E-002
        52    -9.9999000000E+004
        53    -9.9999000000E+004
        54    -9.9999000000E+004
        55    -9.9999000000E+004
        56    -9.9999000000E+004
        57    -9.9999000000E+004
        58    -9.9999000000E+004
        59    -9.9999000000E+004
        60    -9.9999000000E+004
        61    -9.9999000000E+004
        62     1.4090061887E-001
        63    -9.9999000000E+004
        64    -9.9999000000E+004
        65    -9.9999000000E+004
        66    -9.9999000000E+004
        67    -1.0559782534E-003
        68    -9.9999000000E+004
        69    -9.9999000000E+004
        70    -9.9999000000E+004
        71    -9.9999000000E+004
        72     7.3305392623E-001
        73    -9.9999000000E+004
        74    -9.9999000000E+004
        75    -9.9999000000E+004
        76    -9.9999000000E+004
        77    -9.9999000000E+004
        78    -9.9999000000E+004
        79    -9.9999000000E+004
        80    -9.9999000000E+004
        81    -9.9999000000E+004
        82    -9.9999000000E+004
        83    -9.9999000000E+004
        84     2.9975786040E-001
        85    -9.9999000000E+004
        86    -9.9999000000E+004
        87    -9.9999000000E+004
        88    -9.5914917921E-002
        89    -2.3079210920E-001
        90    -3.4618803125E-001
        91    -9.9999000000E+004
        92    -9.9999000000E+004
        93    -9.9999000000E+004
        94    -1.7823300534E-001
        95    -9.9999000000E+004
        96    -9.9999000000E+004
        97    -9.9999000000E+004
        98    -9.9999000000E+004
        99    -9.9999000000E+004
       100    -9.9999000000E+004
       101    -9.9999000000E+004
       102    -9.9999000000E+004
       103    -9.9999000000E+004
       104    -9.9999000000E+004
       105    -9.9999000000E+004
       106    -9.9999000000E+004
       107    -9.9999000000E+004
       108    -9.9999000000E+004
       109    -9.9999000000E+004
       110    -9.9999000000E+004
       111    -9.9999000000E+004
       112    -9.9999000000E+004
       113    -9.9999000000E+004
       114    -9.9999000000E+004
       115    -9.9999000000E+004
       116    -9.9999000000E+004
       117    -9.9999000000E+004
       118    -9.9999000000E+004
       119    -9.9999000000E+004
       120    -9.9999000000E+004
       121    -9.9999000000E+004
       122    -9.9999000000E+004
       123    -9.9999000000E+004
       124    -9.9999000000E+004
       125    -9.9999000000E+004
       126    -9.9999000000E+004
       127    -9.9999000000E+004
       128    -9.9999000000E+004
       129    -9.9999000000E+004
       130    -9.9999000000E+004
       131    -9.9999000000E+004
       132    -9.9999000000E+004
       133    -9.9999000000E+004
       134    -9.9999000000E+004
       135    -9.9999000000E+004
       136    -9.9999000000E+004
       137    -9.9999000000E+004
       138    -9.9999000000E+004
       139    -9.9999000000E+004
       140    -9.9999000000E+004
       141    -9.9999000000E+004
       142    -9.9999000000E+004
       143    -9.9999000000E+004
       144    -9.9999000000E+004
       145    -9.9999000000E+004
       146    -9.9999000000E+004
       147    -9.9999000000E+004
       148    -9.9999000000E+004
       149    -9.9999000000E+004
       150    -9.9999000000E+004
       151    -9.9999000000E+004
       152    -9.9999000000E+004
       153    -9.9999000000E+004
