Interpolated values at stations
         84         12  0.3600000E+004     3600     1 FileFmtVersion:    1050624
     2.5200000000E+004          25200
         1      0.8884193575E-03
         2      0.8928228281E-03
         3     -0.1251391229E-01
         4     -0.1261486053E-01
         5     -0.2111305889E-01
         6     -0.1122024585E-01
         7     -0.9631495145E-02
         8     -0.9571889077E-02
         9     -0.7540567743E-02
        10     -0.3022719309E-02
        11      0.8901301319E-03
        12      0.2907473765E-01
     2.8800000000E+004          28800
         1     -0.2527149847E-02
         2     -0.2489534720E-02
         3      0.1882874250E-01
         4      0.1877292224E-01
         5      0.6325751200E-02
         6      0.2126000920E-01
         7     -0.1877616865E-01
         8     -0.1946506913E-01
         9     -0.1959143095E-01
        10     -0.1571043443E-01
        11     -0.1964156807E-02
        12     -0.1283789978E-01
     3.2400000000E+004          32400
         1     -0.2201230404E-01
         2     -0.2201952768E-01
         3      0.1779034615E-01
         4      0.1865295338E-01
         5     -0.1034046687E-01
         6     -0.4140057544E-02
         7     -0.2300418958E-01
         8     -0.2468723036E-01
         9     -0.2784724601E-01
        10     -0.2554869171E-01
        11     -0.2159429930E-01
        12     -0.2520926833E-01
     3.6000000000E+004          36000
         1     -0.4986552573E-01
         2     -0.4992477935E-01
         3     -0.6416514045E-02
         4     -0.6236609012E-02
         5     -0.2439122519E-01
         6     -0.3033901775E-01
         7     -0.1783772542E-01
         8     -0.2114586783E-01
         9     -0.2935643976E-01
        10     -0.3090760177E-01
        11     -0.4996199430E-01
        12     -0.5194358340E-02
     3.9600000000E+004          39600
         1     -0.6376204061E-01
         2     -0.6397723595E-01
         3     -0.2532631362E-01
         4     -0.2568131939E-01
         5     -0.2678680466E-01
         6     -0.3050149021E-01
         7      0.9785991507E-02
         8      0.5153747881E-02
         9     -0.1283528687E-01
        10     -0.2517513700E-01
        11     -0.6540978817E-01
        12     -0.2376609051E-01
     4.3200000000E+004          43200
         1     -0.2581169804E-01
         2     -0.2569526589E-01
         3     -0.4020425433E-01
         4     -0.3995471560E-01
         5     -0.1619889826E-01
         6     -0.1958932426E-01
         7      0.3385032085E-01
         8      0.3097721630E-01
         9      0.1931486115E-01
        10      0.6581272086E-02
        11     -0.2688541083E-01
        12     -0.2764339070E-01
     4.6800000000E+004          46800
         1      0.4346096792E-01
         2      0.4366415962E-01
         3     -0.2891340099E-01
         4     -0.2802809602E-01
         5      0.2698316295E-01
         6      0.2542465796E-01
         7      0.5520503544E-01
         8      0.5461278815E-01
         9      0.4835407081E-01
        10      0.3918616697E-01
        11      0.4370619979E-01
        12      0.1478276444E-01
     5.0400000000E+004          50400
         1      0.6233304716E-01
         2      0.6290611876E-01
         3     -0.3703155963E-02
         4     -0.3208491122E-02
         5      0.5373609590E-01
         6      0.5416470504E-01
         7      0.7780477902E-01
         8      0.7859264557E-01
         9      0.7670792396E-01
        10      0.6896465968E-01
        11      0.6711130804E-01
        12      0.4592159748E-01
     5.4000000000E+004          54000
         1     -0.1723010159E-01
         2     -0.1750798311E-01
         3      0.4478344052E-01
         4      0.4508140044E-01
         5      0.8009182855E-01
         6      0.8012980373E-01
         7      0.9324975670E-01
         8      0.9490771667E-01
         9      0.9584865453E-01
        10      0.8984828226E-01
        11     -0.1672033627E-01
        12      0.7706143535E-01
     5.7600000000E+004          57600
         1     -0.5745101579E-01
         2     -0.5742943672E-01
         3      0.7785734085E-01
         4      0.7774819287E-01
         5      0.8905156969E-01
         6      0.8917234528E-01
         7      0.9473944012E-01
         8      0.9866087999E-01
         9      0.1076559745E+00
        10      0.1065216164E+00
        11     -0.6009433221E-01
        12      0.1013105884E+00
     6.1200000000E+004          61200
         1     -0.7146530876E-01
         2     -0.7138341741E-01
         3      0.1123205835E+00
         4      0.1121673139E+00
         5      0.1073684502E+00
         6      0.1083516395E+00
         7      0.7258107692E-01
         8      0.7863397035E-01
         9      0.9802286938E-01
        10      0.1082363822E+00
        11     -0.7078868760E-01
        12      0.1183332164E+00
     6.4800000000E+004          64800
         1     -0.8898299099E-01
         2     -0.8932668521E-01
         3      0.1311154938E+00
         4      0.1313418900E+00
         5      0.9422210201E-01
         6      0.9602542499E-01
         7      0.3995543470E-01
         8      0.4458464635E-01
         9      0.6373687669E-01
        10      0.8390244314E-01
        11     -0.9441731043E-01
        12      0.1074275562E+00
     6.8400000000E+004          68400
         1     -0.1906674780E-01
         2     -0.1885533517E-01
         3      0.1298266753E+00
         4      0.1299929299E+00
         5      0.5485934366E-01
         6      0.5558997648E-01
         7      0.1382964746E-01
         8      0.1588810950E-01
         9      0.2713723242E-01
        10      0.4403199474E-01
        11     -0.2032677643E-01
        12      0.6193042519E-01
     7.2000000000E+004          72000
         1      0.7052006450E-01
         2      0.7092709334E-01
         3      0.1000171425E+00
         4      0.1000280178E+00
         5      0.2103145382E-01
         6      0.2132486151E-01
         7     -0.1124713562E-01
         8     -0.1145852241E-01
         9     -0.7696080966E-02
        10      0.5901175686E-02
        11      0.7106498454E-01
        12      0.2864938952E-01
     7.5600000000E+004          75600
         1      0.1583444331E+00
         2      0.1587151381E+00
         3      0.4458655022E-01
         4      0.4447607722E-01
         5     -0.9074848673E-02
         6     -0.1046548306E-01
         7     -0.2979262760E-01
         8     -0.3160403701E-01
         9     -0.3198227466E-01
        10     -0.2025024192E-01
        11      0.1554312091E+00
        12      0.9799275353E-03
     7.9200000000E+004          79200
         1      0.2161119747E+00
         2      0.2156309628E+00
         3      0.6968986222E-02
         4      0.6960243627E-02
         5     -0.2807743497E-01
         6     -0.2935815863E-01
         7     -0.3569029192E-01
         8     -0.3945346764E-01
         9     -0.4609586128E-01
        10     -0.3827169723E-01
        11      0.2181551366E+00
        12     -0.3147381124E-01
     8.2800000000E+004          82800
         1      0.2447096555E+00
         2      0.2447463196E+00
         3     -0.2047993435E-01
         4     -0.2034724208E-01
         5     -0.3724312783E-01
         6     -0.3801937865E-01
         7     -0.1566572933E-01
         8     -0.2351133722E-01
         9     -0.4399919144E-01
        10     -0.4543307399E-01
        11      0.2452708433E+00
        12     -0.4753045480E-01
     8.6400000000E+004          86400
         1      0.2231787351E+00
         2      0.2231988380E+00
         3     -0.3819724379E-01
         4     -0.3814845347E-01
         5     -0.2182150141E-01
         6     -0.2295339560E-01
         7      0.4604980077E-01
         8      0.3732436604E-01
         9      0.3054996553E-02
        10     -0.2149641050E-01
        11      0.2244250049E+00
        12     -0.3498833073E-01
     9.0000000000E+004          90000
         1      0.1480669960E+00
         2      0.1480892616E+00
         3     -0.4722444807E-01
         4     -0.4745868062E-01
         5      0.3098146966E-01
         6      0.3017117765E-01
         7      0.8688979083E-01
         8      0.8217275652E-01
         9      0.6256981556E-01
        10      0.4244133894E-01
        11      0.1500759230E+00
        12      0.1868308514E-01
     9.3600000000E+004          93600
         1      0.5636202658E-01
         2      0.5555463987E-01
         3     -0.3049924102E-01
         4     -0.3084523650E-01
         5      0.8540023187E-01
         6      0.8641883011E-01
         7      0.1203939668E+00
         8      0.1203962666E+00
         9      0.1126311172E+00
        10      0.9970955255E-01
        11      0.5455236915E-01
        12      0.7446856909E-01
     9.7200000000E+004          97200
         1     -0.2591935942E-01
         2     -0.2625922195E-01
         3      0.3809236966E-01
         4      0.3800386029E-01
         5      0.1279387211E+00
         6      0.1302863591E+00
         7      0.1471893352E+00
         8      0.1498127429E+00
         9      0.1517258676E+00
        10      0.1439790286E+00
        11     -0.2535433561E-01
        12      0.1139471922E+00
     1.0080000000E+005         100800
         1     -0.9314116062E-01
         2     -0.9308900397E-01
         3      0.1030977317E+00
         4      0.1031155730E+00
         5      0.1551388572E+00
         6      0.1579498944E+00
         7      0.1507753760E+00
         8      0.1556468649E+00
         9      0.1675162685E+00
        10      0.1668316686E+00
        11     -0.9337644903E-01
        12      0.1539782349E+00
     1.0440000000E+005         104400
         1     -0.1434687202E+00
         2     -0.1435978186E+00
         3      0.1460012452E+00
         4      0.1459795985E+00
         5      0.1657801470E+00
         6      0.1679766982E+00
         7      0.1278771192E+00
         8      0.1357962739E+00
         9      0.1599701268E+00
        10      0.1702595960E+00
        11     -0.1442360033E+00
        12      0.1758599488E+00
     1.0800000000E+005         108000
         1     -0.1682988803E+00
         2     -0.1684319432E+00
         3      0.1731269659E+00
         4      0.1732952890E+00
         5      0.1476492748E+00
         6      0.1496294982E+00
         7      0.7391940087E-01
         8      0.8127425204E-01
         9      0.1117718037E+00
        10      0.1404723793E+00
        11     -0.1698305336E+00
        12      0.1652603517E+00
     1.1160000000E+005         111600
         1     -0.1241728592E+00
         2     -0.1240580145E+00
         3      0.1791466685E+00
         4      0.1793902763E+00
         5      0.9701643199E-01
         6      0.9790479110E-01
         7      0.3096769350E-01
         8      0.3478207293E-01
         9      0.5281602647E-01
        10      0.7855430037E-01
        11     -0.1273120594E+00
        12      0.1110884400E+00
     1.1520000000E+005         115200
         1     -0.1239915813E-01
         2     -0.1183558487E-01
         3      0.1528359505E+00
         4      0.1530101291E+00
         5      0.3756091027E-01
         6      0.3666460323E-01
         7     -0.6399160834E-02
         8     -0.6570821957E-02
         9      0.5868092204E-03
        10      0.2015815185E-01
        11     -0.1345545861E-01
        12      0.5206701179E-01
     1.1880000000E+005         118800
         1      0.1102980506E+00
         2      0.1112402381E+00
         3      0.8448517865E-01
         4      0.8459115454E-01
         5     -0.4261282229E-02
         6     -0.6240519385E-02
         7     -0.3626728105E-01
         8     -0.3892266326E-01
         9     -0.3971289065E-01
        10     -0.2388026685E-01
        11      0.1089357726E+00
        12      0.7129641729E-02
     1.2240000000E+005         122400
         1      0.2099276835E+00
         2      0.2098320084E+00
         3      0.2019727886E-01
         4      0.2048965691E-01
         5     -0.3670563879E-01
         6     -0.3890218136E-01
         7     -0.4054633114E-01
         8     -0.4668150573E-01
         9     -0.5906805455E-01
        10     -0.5154542364E-01
        11      0.2105855629E+00
        12     -0.3607903637E-01
     1.2600000000E+005         126000
         1      0.2816895040E+00
         2      0.2820435006E+00
         3     -0.2297378827E-01
         4     -0.2267826498E-01
         5     -0.4795841309E-01
         6     -0.4963765986E-01
         7     -0.7073620430E-02
         8     -0.1923562735E-01
         9     -0.5242300203E-01
        10     -0.5989199554E-01
        11      0.2829970500E+00
        12     -0.6000557684E-01
     1.2960000000E+005         129600
         1      0.3103789761E+00
         2      0.3106492920E+00
         3     -0.5167956512E-01
         4     -0.5176430671E-01
         5     -0.2619651274E-01
         6     -0.2856767320E-01
         7      0.7657105933E-01
         8      0.6414097794E-01
         9      0.1531311795E-01
        10     -0.2412441649E-01
        11      0.3121768230E+00
        12     -0.4700383465E-01
     1.3320000000E+005         133200
         1      0.2449020278E+00
         2      0.2446661976E+00
         3     -0.6322242094E-01
         4     -0.6363289080E-01
         5      0.4154586680E-01
         6      0.3954998341E-01
         7      0.1361490623E+00
         8      0.1288792805E+00
         9      0.9653941543E-01
        10      0.6553622362E-01
        11      0.2465339522E+00
        12      0.2731091193E-01
     1.3680000000E+005         136800
         1      0.1351796458E+00
         2      0.1351299076E+00
         3     -0.3641486605E-01
         4     -0.3689901841E-01
         5      0.1257026783E+00
         6      0.1267035290E+00
         7      0.1886757033E+00
         8      0.1876920523E+00
         9      0.1725475025E+00
        10      0.1483459289E+00
        11      0.1366188864E+00
        12      0.1095388586E+00
     1.4040000000E+005         140400
         1      0.3303878354E-01
         2      0.3357545911E-01
         3      0.6299901043E-01
         4      0.6291511458E-01
         5      0.1873453099E+00
         6      0.1901114198E+00
         7      0.2338310953E+00
         8      0.2360091825E+00
         9      0.2314163166E+00
        10      0.2121259282E+00
        11      0.3347253099E-01
        12      0.1718455328E+00
     1.4400000000E+005         144000
         1     -0.5521226681E-01
         2     -0.5552562536E-01
         3      0.1559531675E+00
         4      0.1558931076E+00
         5      0.2303358665E+00
         6      0.2333337297E+00
         7      0.2543867987E+00
         8      0.2591383427E+00
         9      0.2646660731E+00
        10      0.2520600762E+00
        11     -0.5297746925E-01
        12      0.2297314246E+00
     1.4760000000E+005         147600
         1     -0.1260243148E+00
         2     -0.1258203523E+00
         3      0.2222783711E+00
         4      0.2221829215E+00
         5      0.2591997780E+00
         6      0.2610981742E+00
         7      0.2452844822E+00
         8      0.2542484287E+00
         9      0.2747371647E+00
        10      0.2734157128E+00
        11     -0.1266894025E+00
        12      0.2695682984E+00
     1.5120000000E+005         151200
         1     -0.1758274866E+00
         2     -0.1759323687E+00
         3      0.2650198873E+00
         4      0.2651909556E+00
         5      0.2577213450E+00
         6      0.2599735674E+00
         7      0.1833392953E+00
         8      0.1964443550E+00
         9      0.2396372849E+00
        10      0.2625051157E+00
        11     -0.1767352062E+00
        12      0.2786287964E+00
     1.5480000000E+005         154800
         1     -0.1459213856E+00
         2     -0.1458081147E+00
         3      0.2835393591E+00
         4      0.2836374583E+00
         5      0.2144581767E+00
         6      0.2175291078E+00
         7      0.1083542475E+00
         8      0.1170118997E+00
         9      0.1540124071E+00
        10      0.1957960326E+00
        11     -0.1527146208E+00
        12      0.2333407662E+00
     1.5840000000E+005         158400
         1     -0.1288596567E-01
         2     -0.1292756005E-01
         3      0.2719617513E+00
         4      0.2719216151E+00
         5      0.1300114695E+00
         6      0.1310550695E+00
         7      0.5494393129E-01
         8      0.5864537823E-01
         9      0.7770086110E-01
        10      0.1079331904E+00
        11     -0.1305660877E-01
        12      0.1488629182E+00
     1.6200000000E+005         162000
         1      0.1358121278E+00
         2      0.1365799932E+00
         3      0.2154740113E+00
         4      0.2159246497E+00
         5      0.6019469936E-01
         6      0.5850792025E-01
         7      0.5215991152E-02
         8      0.4311358967E-02
         9      0.1012187110E-01
        10      0.3401214287E-01
        11      0.1366252076E+00
        12      0.7971951944E-01
     1.6560000000E+005         165600
         1      0.2599343498E+00
         2      0.2603328579E+00
         3      0.1169210322E+00
         4      0.1174244658E+00
         5      0.9058792389E-02
         6      0.6364349549E-02
         7     -0.2639497761E-01
         8     -0.3034001908E-01
         9     -0.3277523703E-01
        10     -0.1309358340E-01
        11      0.2613761038E+00
        12      0.1849820823E-01
     1.6920000000E+005         169200
         1      0.3572837217E+00
         2      0.3573585587E+00
         3      0.3779012668E-01
         4      0.3782513678E-01
         5     -0.2789936425E-01
         6     -0.3061628975E-01
         7     -0.3315895660E-01
         8     -0.4115369734E-01
         9     -0.5661403287E-01
        10     -0.4619217411E-01
        11      0.3563570159E+00
        12     -0.3217551016E-01
     1.7280000000E+005         172800
         1      0.4215516790E+00
         2      0.4218893449E+00
         3     -0.1190806988E-01
         4     -0.1202713014E-01
         5     -0.3948309696E-01
         6     -0.4065510821E-01
         7      0.2821272579E-02
         8     -0.1177071463E-01
         9     -0.5104293594E-01
        10     -0.5679282973E-01
        11      0.4228112468E+00
        12     -0.5431666591E-01
     1.7640000000E+005         176400
         1      0.3995227777E+00
         2      0.3996735478E+00
         3     -0.4576995902E-01
         4     -0.4597006472E-01
         5     -0.1563459390E-01
         6     -0.1818437081E-01
         7      0.9491218974E-01
         8      0.7898377385E-01
         9      0.1950130779E-01
        10     -0.1932016795E-01
        11      0.4035591979E+00
        12     -0.3944183666E-01
     1.8000000000E+005         180000
         1      0.2788504685E+00
         2      0.2788913782E+00
         3     -0.5704212591E-01
         4     -0.5720090043E-01
         5      0.5579155773E-01
         6      0.5320174315E-01
         7      0.1604842906E+00
         8      0.1513157229E+00
         9      0.1133241471E+00
        10      0.7859585967E-01
        11      0.2813390534E+00
        12      0.3804689372E-01
     1.8360000000E+005         183600
         1      0.1539022496E+00
         2      0.1533321576E+00
         3     -0.3499507588E-01
         4     -0.3521933714E-01
         5      0.1443182520E+00
         6      0.1448914926E+00
         7      0.2071965483E+00
         8      0.2052752239E+00
         9      0.1877331641E+00
        10      0.1662346505E+00
        11      0.1568232476E+00
        12      0.1256841966E+00
     1.8720000000E+005         187200
         1      0.4668467271E-01
         2      0.4664573220E-01
         3      0.6287977388E-01
         4      0.6257511285E-01
         5      0.2056558606E+00
         6      0.2092219678E+00
         7      0.2375977111E+00
         8      0.2402367347E+00
         9      0.2397113456E+00
        10      0.2284248670E+00
        11      0.4420589289E-01
        12      0.1880751766E+00
     1.9080000000E+005         190800
         1     -0.4291854915E-01
         2     -0.4333640502E-01
         3      0.1660329847E+00
         4      0.1656697673E+00
         5      0.2391730147E+00
         6      0.2431980963E+00
         7      0.2292104490E+00
         8      0.2355662345E+00
         9      0.2511200022E+00
        10      0.2522968486E+00
        11     -0.4056573563E-01
        12      0.2395238877E+00
     1.9440000000E+005         194400
         1     -0.1193278784E+00
         2     -0.1194086589E+00
         3      0.2362491866E+00
         4      0.2364715252E+00
         5      0.2435771285E+00
         6      0.2474150430E+00
         7      0.1708635132E+00
         8      0.1807066025E+00
         9      0.2144104168E+00
        10      0.2374220965E+00
        11     -0.1193804368E+00
        12      0.2598851065E+00
     1.9800000000E+005         198000
         1     -0.1759381194E+00
         2     -0.1760566158E+00
         3      0.2705127517E+00
         4      0.2709090952E+00
         5      0.1992200585E+00
         6      0.2024826844E+00
         7      0.9218326729E-01
         8      0.9866508892E-01
         9      0.1250047408E+00
        10      0.1644374379E+00
        11     -0.1772257925E+00
        12      0.2248863096E+00
     2.0160000000E+005         201600
         1     -0.1606084489E+00
         2     -0.1605109282E+00
         3      0.2611118530E+00
         4      0.2612404520E+00
         5      0.1106043156E+00
         6      0.1107188423E+00
         7      0.3670639125E-01
         8      0.3777066449E-01
         9      0.4681651686E-01
        10      0.7544740401E-01
        11     -0.1695845482E+00
        12      0.1322310407E+00
     2.0520000000E+005         205200
         1     -0.2488204978E-01
         2     -0.2444772585E-01
         3      0.1944352987E+00
         4      0.1945722422E+00
         5      0.3025472468E-01
         6      0.2768782120E-01
         7     -0.1028295049E-01
         8     -0.1438020411E-01
         9     -0.2178646276E-01
        10     -0.9857271820E-03
        11     -0.2607742414E-01
        12      0.5159938369E-01
     2.0880000000E+005         208800
         1      0.1291152435E+00
         2      0.1295590358E+00
         3      0.8065630450E-01
         4      0.8099284730E-01
         5     -0.1951574167E-01
         6     -0.2231730421E-01
         7     -0.3774239762E-01
         8     -0.4495595996E-01
         9     -0.6314752742E-01
        10     -0.4830577615E-01
        11      0.1290898542E+00
        12     -0.1087611526E-01
     2.1240000000E+005         212400
         1      0.2587529360E+00
         2      0.2595168799E+00
         3     -0.3624964755E-02
         4     -0.3232257872E-02
         5     -0.5381425449E-01
         6     -0.5609608992E-01
         7     -0.3364445327E-01
         8     -0.4520353674E-01
         9     -0.7715591167E-01
        10     -0.7742987742E-01
        11      0.2608965178E+00
        12     -0.6332603173E-01
     2.1600000000E+005         216000
         1      0.3569245217E+00
         2      0.3569817774E+00
         3     -0.5312853987E-01
         4     -0.5298029750E-01
         5     -0.6453682661E-01
         6     -0.6644162999E-01
         7      0.2341820487E-01
         8      0.4471820235E-02
         9     -0.5596260442E-01
        10     -0.7904744445E-01
        11      0.3571360069E+00
        12     -0.8558636716E-01
     2.1960000000E+005         219600
         1      0.3884052772E+00
         2      0.3887926534E+00
         3     -0.8315890130E-01
         4     -0.8339868667E-01
         5     -0.2534311862E-01
         6     -0.2900485771E-01
         7      0.1295807864E+00
         8      0.1136865026E+00
         9      0.4477412960E-01
        10     -0.1632418397E-01
        11      0.3928018282E+00
        12     -0.5336185199E-01
     2.2320000000E+005         223200
         1      0.2799370148E+00
         2      0.2794942271E+00
         3     -0.8644072323E-01
         4     -0.8691902098E-01
         5      0.6772832427E-01
         6      0.6490185683E-01
         7      0.1996951103E+00
         8      0.1915523381E+00
         9      0.1454724681E+00
        10      0.1013660661E+00
        11      0.2824010921E+00
        12      0.5373297688E-01
     2.2680000000E+005         226800
         1      0.1471070382E+00
         2      0.1470930405E+00
         3     -0.3373456454E-01
         4     -0.3435814441E-01
         5      0.1708007104E+00
         6      0.1719559099E+00
         7      0.2602380528E+00
         8      0.2599643488E+00
         9      0.2377753895E+00
        10      0.2042558040E+00
        11      0.1505177124E+00
        12      0.1503008902E+00
     2.3040000000E+005         230400
         1      0.3527019435E-01
         2      0.3544083264E-01
         3      0.9986983588E-01
         4      0.9955813600E-01
         5      0.2398500737E+00
         6      0.2437879626E+00
         7      0.3047025461E+00
         8      0.3083235975E+00
         9      0.3000835794E+00
        10      0.2720418460E+00
        11      0.3378193429E-01
        12      0.2263722195E+00
     2.3400000000E+005         234000
         1     -0.6342439816E-01
         2     -0.6391859514E-01
         3      0.2083053809E+00
         4      0.2081122360E+00
         5      0.2896166745E+00
         6      0.2945708241E+00
         7      0.3137180140E+00
         8      0.3207028521E+00
         9      0.3254825039E+00
        10      0.3080030320E+00
        11     -0.5994439113E-01
        12      0.2907705271E+00
     2.3760000000E+005         237600
         1     -0.1433636414E+00
         2     -0.1432396030E+00
         3      0.2831526930E+00
         4      0.2832567228E+00
         5      0.3112389483E+00
         6      0.3151145054E+00
         7      0.2777161522E+00
         8      0.2905057806E+00
         9      0.3176567731E+00
        10      0.3183425307E+00
        11     -0.1436924782E+00
        12      0.3239062883E+00
     2.4120000000E+005         241200
         1     -0.1991845137E+00
         2     -0.1989001633E+00
         3      0.3244880138E+00
         4      0.3247366128E+00
         5      0.2853716489E+00
         6      0.2892770507E+00
         7      0.1789613077E+00
         8      0.1940990381E+00
         9      0.2444322905E+00
        10      0.2796687619E+00
        11     -0.2012869465E+00
        12      0.3136388622E+00
     2.4480000000E+005         244800
         1     -0.1435589417E+00
         2     -0.1433959903E+00
         3      0.3279669221E+00
         4      0.3277527992E+00
         5      0.2102620490E+00
         6      0.2129602062E+00
         7      0.9543048316E-01
         8      0.1045030163E+00
         9      0.1381014895E+00
        10      0.1793794469E+00
        11     -0.1461433833E+00
        12      0.2320919341E+00
     2.4840000000E+005         248400
         1      0.1164991648E-01
         2      0.1239082412E-01
         3      0.2953862191E+00
         4      0.2954160474E+00
         5      0.1037191781E+00
         6      0.1030367650E+00
         7      0.3073844378E-01
         8      0.3362361049E-01
         9      0.4777290017E-01
        10      0.7815662012E-01
        11      0.9520871389E-02
        12      0.1283870957E+00
     2.5200000000E+005         252000
         1      0.1747109538E+00
         2      0.1754196573E+00
         3      0.1973136031E+00
         4      0.1979824552E+00
         5      0.2788686608E-01
         6      0.2530780891E-01
         7     -0.2669328407E-01
         8     -0.2829363510E-01
         9     -0.2610058619E-01
        10     -0.1976666698E-02
        11      0.1755882515E+00
        12      0.4726227342E-01
     2.5560000000E+005         255600
         1      0.3094546771E+00
         2      0.3102753874E+00
         3      0.8018114424E-01
         4      0.8046807953E-01
         5     -0.3014083829E-01
         6     -0.3295717994E-01
         7     -0.5965570824E-01
         8     -0.6389460586E-01
         9     -0.7076051361E-01
        10     -0.5192064673E-01
        11      0.3074960222E+00
        12     -0.2645723507E-01
     2.5920000000E+005         259200
         1      0.4180837725E+00
         2      0.4179773823E+00
         3     -0.5323241056E-03
         4     -0.6371590831E-03
         5     -0.6507546990E-01
         6     -0.6623947235E-01
         7     -0.6720194265E-01
         8     -0.7613271930E-01
         9     -0.9435036227E-01
        10     -0.8640472185E-01
        11      0.4175239829E+00
        12     -0.7798070128E-01
     2.6280000000E+005         262800
         1      0.4746708874E+00
         2      0.4748335432E+00
         3     -0.5208657740E-01
         4     -0.5216628240E-01
         5     -0.7617115459E-01
         6     -0.7779093039E-01
         7     -0.1183552111E-01
         8     -0.2831374751E-01
         9     -0.7777517832E-01
        10     -0.9248000523E-01
        11      0.4785746850E+00
        12     -0.9693580203E-01
     2.6640000000E+005         266400
         1      0.3992220231E+00
         2      0.3994118132E+00
         3     -0.8707324288E-01
         4     -0.8718733276E-01
         5     -0.4105523216E-01
         6     -0.4541322563E-01
         7      0.1070611351E+00
         8      0.9096176652E-01
         9      0.2330881597E-01
        10     -0.3211973223E-01
        11      0.3997491176E+00
        12     -0.6567350734E-01
     2.7000000000E+005         270000
         1      0.2595762783E+00
         2      0.2600096690E+00
         3     -0.9824483384E-01
         4     -0.9843247741E-01
         5      0.5709995879E-01
         6      0.5451545891E-01
         7      0.1740816355E+00
         8      0.1672757438E+00
         9      0.1333857366E+00
        10      0.9327794738E-01
        11      0.2621550808E+00
        12      0.3962150945E-01
     2.7360000000E+005         273600
         1      0.1298936293E+00
         2      0.1294274986E+00
         3     -0.6093167576E-01
         4     -0.6133208752E-01
         5      0.1599254710E+00
         6      0.1616759717E+00
         7      0.2259486943E+00
         8      0.2272964046E+00
         9      0.2164591566E+00
        10      0.1904614177E+00
        11      0.1325619548E+00
        12      0.1366984299E+00
     2.7720000000E+005         277200
         1      0.2315980488E-01
         2      0.2311923419E-01
         3      0.7157102809E-01
         4      0.7114032414E-01
         5      0.2243015950E+00
         6      0.2291764324E+00
         7      0.2600382811E+00
         8      0.2657501912E+00
         9      0.2724208394E+00
        10      0.2552578460E+00
        11      0.2530687307E-01
        12      0.2046293597E+00
     2.8080000000E+005         280800
         1     -0.7075048793E-01
         2     -0.7064629650E-01
         3      0.1844099226E+00
         4      0.1841363064E+00
         5      0.2591339844E+00
         6      0.2632389562E+00
         7      0.2458547136E+00
         8      0.2561875112E+00
         9      0.2828151823E+00
        10      0.2811989580E+00
        11     -0.6826063923E-01
        12      0.2639545631E+00
     2.8440000000E+005         284400
         1     -0.1519482162E+00
         2     -0.1520041079E+00
         3      0.2587847836E+00
         4      0.2591233331E+00
         5      0.2661388884E+00
         6      0.2704510157E+00
         7      0.1787994588E+00
         8      0.1934695682E+00
         9      0.2424565834E+00
        10      0.2650301102E+00
        11     -0.1530199110E+00
        12      0.2850434976E+00
     2.8800000000E+005         288000
         1     -0.2128786658E+00
         2     -0.2138184048E+00
         3      0.2946975122E+00
         4      0.2950483371E+00
         5      0.2152404422E+00
         6      0.2190676742E+00
         7      0.8550971652E-01
         8      0.9620079942E-01
         9      0.1406839288E+00
        10      0.1872689743E+00
        11     -0.2124058833E+00
        12      0.2450243764E+00
     2.9160000000E+005         291600
         1     -0.1817078616E+00
         2     -0.1813485356E+00
         3      0.2838659628E+00
         4      0.2838139687E+00
         5      0.1154637919E+00
         6      0.1160196627E+00
         7      0.1840421283E-01
         8      0.2306849353E-01
         9      0.4800491930E-01
        10      0.8283732670E-01
        11     -0.1907592691E+00
        12      0.1411260540E+00
     2.9520000000E+005         295200
         1     -0.2918154880E-01
         2     -0.2901796686E-01
         3      0.2147090662E+00
         4      0.2149385030E+00
         5      0.2356756473E-01
         6      0.2154675062E-01
         7     -0.4159419569E-01
         8     -0.4268152630E-01
         9     -0.3401290187E-01
        10     -0.6692148453E-02
        11     -0.2976252131E-01
        12      0.4723144634E-01
     2.9880000000E+005         298800
         1      0.1333163293E+00
         2      0.1339488446E+00
         3      0.8722856311E-01
         4      0.8768953795E-01
         5     -0.3791007049E-01
         6     -0.4109001516E-01
         7     -0.7836582892E-01
         8     -0.8324196719E-01
         9     -0.8724321110E-01
        10     -0.6645483020E-01
        11      0.1336362183E+00
        12     -0.2583382228E-01
     3.0240000000E+005         302400
         1      0.2698856460E+00
         2      0.2699306957E+00
         3     -0.9533057659E-02
         4     -0.9157165028E-02
         5     -0.7912721861E-01
         6     -0.8170744386E-01
         7     -0.6895396377E-01
         8     -0.8004411397E-01
         9     -0.1040754111E+00
        10     -0.9917208472E-01
        11      0.2715982954E+00
        12     -0.8999226087E-01
